#
#--------------------------------------------------------------------------------
##ASTER 13.06.00 CONCEPT SCLTHEQ CALCULE LE 23/03/2020 A 17:03:13 DE TYPE         
#TABLE_SDASTER                                                                   
 ABSC_CURV     VMIS          TRESCA        PRIN_1        PRIN_2        PRIN_3        VECT_1_X      VECT_1_Y      VECT_1_Z      VECT_2_X      VECT_2_Y      VECT_2_Z      VECT_3_X      VECT_3_Y      VECT_3_Z      TRIAX       
 0.000000E+00  7.487693E+01  8.204113E+01  1.883843E-01  1.757647E+01  8.222952E+01  8.653094E-01  -5.012380E-01  -1.366773E-04  5.012380E-01  8.653094E-01  -1.321607E-05  1.248926E-04  -5.707188E-05  1.000000E+00  4.451499E-01
 3.300000E-04  7.520063E+01  7.955198E+01  2.338837E-01  9.864447E+00  7.978587E+01  9.317381E-01  -3.631309E-01  -1.271094E-05  3.631309E-01  9.317381E-01  1.077916E-04  -2.729919E-05  -1.050493E-04  1.000000E+00  3.984195E-01
 6.600000E-04  7.613473E+01  7.823670E+01  -7.255142E-01  3.668763E+00  7.751118E+01  9.981808E-01  6.029082E-02  9.946342E-05  -6.029082E-02  9.981809E-01  6.997397E-05  -9.506369E-05  -7.584341E-05  1.000000E+00  3.522459E-01
 9.900000E-04  7.751520E+01  8.053389E+01  -5.211878E+00  1.227173E+00  7.532201E+01  7.469094E-01  6.649258E-01  1.243956E-04  -6.649258E-01  7.469094E-01  -3.529385E-05  -1.163800E-04  -5.635254E-05  1.000000E+00  3.067669E-01
 1.320000E-03  7.922699E+01  8.445785E+01  -1.124456E+01  5.365219E-01  7.321328E+01  5.905634E-01  8.069912E-01  1.141217E-04  8.069912E-01  -5.905634E-01  7.731862E-05  -1.297915E-04  -4.643363E-05  1.000000E+00  2.629796E-01
 1.650000E-03  8.122057E+01  8.847486E+01  -1.731662E+01  -2.227672E-02  7.115824E+01  4.985059E-01  8.668863E-01  -2.438574E-05  8.668863E-01  -4.985059E-01  6.115116E-05  -4.085467E-05  5.162388E-05  1.000000E+00  2.208773E-01

