#
#--------------------------------------------------------------------------------
##ASTER 13.06.00 CONCEPT SCLTHEQ CALCULE LE 29/05/2020 A 15:15:00 DE TYPE         
#TABLE_SDASTER                                                                   
 ABSC_CURV     VMIS          TRESCA        PRIN_1        PRIN_2        PRIN_3        VECT_1_X      VECT_1_Y      VECT_1_Z      VECT_2_X      VECT_2_Y      VECT_2_Z      VECT_3_X      VECT_3_Y      VECT_3_Z      TRIAX       
 0.000000E+00  1.216881E+02  1.284983E+02  -1.469746E+01  3.160885E-01  1.138008E+02  -1.206741E-06  -5.627082E-04  9.999998E-01  2.428229E-03  9.999969E-01  5.627095E-04  9.999971E-01  -2.428229E-03  -1.596472E-07  2.723340E-01
 3.300000E-04  1.182467E+02  1.363984E+02  -7.077973E+01  2.793797E+00  6.561868E+01  -2.683978E-05  -5.351925E-04  9.999999E-01  2.691787E-03  9.999962E-01  5.352628E-04  9.999964E-01  -2.691801E-03  2.539906E-05  -6.673209E-03
 6.600000E-04  1.381802E+02  1.457112E+02  -1.253195E+02  3.838332E+00  2.039173E+01  -7.706408E-05  -2.284262E-04  1.000000E+00  9.326635E-03  9.999565E-01  2.291350E-04  9.999565E-01  -9.326653E-03  7.493028E-05  -2.438590E-01
 9.900000E-04  1.706442E+02  1.821416E+02  -1.784913E+02  -2.232223E+01  3.650311E+00  -7.522673E-05  -1.311403E-04  1.000000E+00  9.999872E-01  5.058676E-03  7.588916E-05  -5.058686E-03  9.999872E-01  1.307581E-04  -3.851350E-01
 1.320000E-03  2.080710E+02  2.328933E+02  -2.302183E+02  -6.264363E+01  2.675029E+00  -7.932275E-05  -7.671846E-05  1.000000E+00  9.999998E-01  6.543563E-04  7.937293E-05  -6.543624E-04  9.999998E-01  7.666654E-05  -4.648844E-01
 1.650000E-03  2.469841E+02  2.815475E+02  -2.815814E+02  -1.014453E+02  -3.389090E-02  -7.814343E-05  -9.524485E-05  1.000000E+00  9.999974E-01  -2.295031E-03  7.792463E-05  2.295024E-03  9.999974E-01  9.542394E-05  -5.169842E-01

