#
#--------------------------------------------------------------------------------
##ASTER 13.06.00 CONCEPT SCLTHEQ CALCULE LE 23/03/2020 A 17:03:13 DE TYPE         
#TABLE_SDASTER                                                                   
 ABSC_CURV     VMIS          TRESCA        PRIN_1        PRIN_2        PRIN_3        VECT_1_X      VECT_1_Y      VECT_1_Z      VECT_2_X      VECT_2_Y      VECT_2_Z      VECT_3_X      VECT_3_Y      VECT_3_Z      TRIAX       
 0.000000E+00  7.517189E+01  8.668840E+01  1.856357E-01  3.970175E+01  8.687404E+01  8.655448E-01  5.008297E-01  -1.345379E-03  1.313752E-03  4.158435E-04  9.999991E-01  -5.008298E-01  8.655458E-01  2.980346E-04  5.620958E-01
 3.300000E-04  4.602351E+01  4.785484E+01  2.479717E+00  6.392169E+00  5.033456E+01  8.522763E-01  5.230210E-01  -8.614034E-03  7.255030E-03  4.646897E-03  9.999629E-01  -5.230416E-01  8.523072E-01  -1.659073E-04  4.288131E-01
 6.600000E-04  3.729827E+01  4.201553E+01  -2.617956E+01  3.024719E+00  1.583596E+01  -3.576695E-04  5.952692E-05  9.999999E-01  7.850311E-01  6.194563E-01  2.439074E-04  -6.194563E-01  7.850311E-01  -2.682911E-04  -6.540862E-02
 9.900000E-04  5.369274E+01  6.089956E+01  -5.765182E+01  -1.713515E+01  3.247749E+00  -2.404543E-05  2.484333E-04  1.000000E+00  -4.256018E-01  9.049105E-01  -2.350437E-04  9.049105E-01  4.256018E-01  -8.397473E-05  -4.441272E-01
 1.320000E-03  7.817999E+01  9.012117E+01  -8.815129E+01  -4.764509E+01  1.969875E+00  1.378544E-04  3.225287E-04  9.999999E-01  -4.823316E-01  8.759887E-01  -2.160400E-04  8.759887E-01  4.823316E-01  -2.763246E-04  -5.705915E-01
 1.650000E-03  1.040036E+02  1.183015E+02  -1.180156E+02  -7.676217E+01  2.858869E-01  2.488338E-04  -4.769635E-05  1.000000E+00  -5.024944E-01  8.645804E-01  1.662749E-04  8.645804E-01  5.024945E-01  -1.911697E-04  -6.233499E-01

